# Baekjoon Online Judge #2775 in Java 8
Java 8로 작성한 [<img src="https://static.solved.ac/tier_small/5.svg" height="20" align="center">
2775 부녀회장이 될테야](https://www.acmicpc.net/problem/2775) 답안입니다.

[문제 풀기](https://www.acmicpc.net/problem/2775) /
[제출 보기](https://www.acmicpc.net/source/86861817)

## 힌트
* [파스칼의 삼각형](https://namu.wiki/w/파스칼의%20삼각형)
* $ \displaystyle\binom{k + n}{k + 1} $

|     | 1호 | 2호 | 3호 | 4호  | 5호   | 6호   | 7호    | 8호    |
|-----|----|----|----|-----|------|------|-------|-------|
| 0층  | 1  | 2  | 3  | 4   | 5    | 6    | 7     | 8     |
| 1층  | 1  | 3  | 6  | 10  | 15   | 21   | 28    | 36    |
| 2층  | 1  | 4  | 10 | 20  | 35   | 56   | 84    | 120   |
| 3층  | 1  | 5  | 15 | 35  | 70   | 126  | 210   | 330   |
| 4층  | 1  | 6  | 21 | 56  | 126  | 252  | 462   | 792   |
| 5층  | 1  | 7  | 28 | 84  | 210  | 462  | 924   | 1716  |
| 6층  | 1  | 8  | 36 | 120 | 330  | 792  | 1716  | 3432  |
| 7층  | 1  | 9  | 45 | 165 | 495  | 1287 | 3003  | 6435  |
| 8층  | 1  | 10 | 55 | 220 | 715  | 2002 | 5005  | 11440 |
| 9층  | 1  | 11 | 66 | 286 | 1001 | 3003 | 8008  | 19448 |
| 10층 | 1  | 12 | 78 | 364 | 1365 | 4368 | 12376 | 31824 |
